karaoke = 0x39adee32980e7c68c3c1b0f8eb7a2213ab16e3dab14305095cafd494933b
confetti = 0xa0000000000000000000000000000000000000000000000
lobby = 0x1cd6f7194c073e3461e0d87c75bd1109d58b71ed58a18284ae57ea4a499d
playlist = [0, 2, 4, 6, 8, 10, 12, 14, 16, 18, 20, 22, 24, 26, 28, 30, 32, 34, 36, 38, 40, 42, 44, 46, 48, 50, 52, 54, 56, 58, 60, 62, 64, 66, 68, 70, 72, 74, 76, 78, 80, 82, 84, 86, 88, 90, 92, 94, 96, 98, 100, 102, 104, 106, 108, 110, 112, 114, 116, 118, 120, 122, 124, 126, 128, 130, 132, 134, 136, 138, 140, 142, 144, 146, 148, 150, 152, 154, 156, 158, 160, 162, 164, 166, 168, 170, 172, 174, 176, 178, 180, 182, 184, 186, 188, 190]
receipt = 0x6348b22ae9e569caa43e1ed764f8315647dafb6cd2e4240f15e6f8c79a3
sunny = [77739631665742509612093128705273500887591872489921957733114110463816605, 289456810538153117926275707276400247951284299327524496406305556734337255, 352484757332775219248002754307965090200297604366753863006726739680588460, 5805175762401676417679506076892130218541626767760926893516154715666715, 184908484512471133804967066099123556766338809548311262152097260579417731, 78702530879591914469599582809023869772497311920853439896068413517018773, 26987419305215065767227912300518706311068043618817575846705527731892416, 216624452815283723135880063113806291132485218225018948859882519293240327, 153535705553884074323359957090866851465620216600894489238858864994259498, 290006336769163904357246535767725993408926328698835329835860476242204439, 289590925260510128831367624710625816998163335826018350848372392617146375, 305113646248611661661126837980994584997781975879635426313786298519640708, 244065704885413572532775445414541491887821162836225078490910307533398958, 20096222778214646642280086284921157100330423697487653710590542434681128, 243952223237005904877834214276667507288392722485329080687133810880109262, 344950296358252494835854429834324815123266586873929445395172203544752989, 378877357471060104831267406500063066328380935476035198824743257113120524, 166783667474116743743777922802133637180111207539835572543551411079256450, 122997119180340688690308393546161803687743133851204845429462020821461896, 82423987379629755803050935889717790197162052672742700024443175474304638, 82856953771839417612455820917564294399055283282543859918462868200020450, 299664530787261718776319053740436000403561123515864335569126006263829059, 229130547524726347523164984046793526686763116436207551378028912946510037, 70136465090863210526442814937718253217854345613672133986721179942914010, 210163652178712937404354407653584925955314249624771880920070373196710816, 49401646294337839084649658493946057710858925748706344780230490123330750, 213171183034979806744981068918783294211777560045692627050721028226287066, 242314573360149548916608383046879435077367677473789755048908408917018476, 296149470438680480296987544763369761880548283461163660010981624954029303, 303847826556529152772437347242127215993684091572136431307833411463587345, 197091117319917030255148462568270112311279224902325150438164228243091176, 355883024798708480258400612427491983184821559980732626317275610346530411, 13844425862447216284125487156376114199516110061264101998964439872716178, 128204368693656419369539125637325404096234960973316584983512297935150759, 22462998816580026527600386152045618107139617290086948164646947505014673, 142728004374853140853147969896304856458093744363775153673315403601460716, 159435741055055356502692625043297372096243465764581740616198518484979422, 360315374831573749829943608337350672817466894062186835573562086065249697, 123903321396597634259208939387693412325248750693380952220242121642637798, 55268388878038123913815946871586535902783130708080258780000540572724631, 277925437257668039035474586463265273288740554082439262532625470759510077, 365750737098992462828503222261122415706802693795061420740324559995777796, 212955265679678627926374984199543182476048985343972969822656432134250650, 294177996387710713402327269369610311343237634946044572792584220507925283, 152970548692022820088101975754192798833515898595646333831450178494921521, 92340783045184618384683713806854344395156631893178310196570376051328496, 353336866730519131072255881912724299192204760942207380260856095605589098, 297523495216745563810841703928600392611210804713631086877996225697590936, 391498104637062392101383656604729085667352119669239531082925863294122595, 269804302418222468966144617596320087062351850106930212435550443608847045, 181415906401186075394528172056750125068411694663256685742642238544796602, 230720862880451230382631199738538703375359708546237166771535111735514745, 106169477012283234002413079098408994082888977827648746901902625452969572, 32866312482614948760893213806785907396556493628763504179026003738647107, 168672554587228935503125303602369959982882512653747432618826696182927423, 12514670676354023581779561751146224154206508282974426121845977242634167, 140418428135031351852763810539976997014144735696107245209020374248094248, 351848519554040382515023255107577632863455051069657143466241184889301361, 375496847369362120340893853575590757854605013841471226137584558376949791, 55775878588779699669254025064041699928563589683048204813830379481351266, 109637476377504647955505482078455236434453131054899969203234387890189690, 152221759440671160751883164011236153681392219528783432276089527412462464, 343386045978935377142273204426891597215603651556453723625763372634363239, 247011567664426380192670836009734713829289675180418620322105506431226670, 18112081692042239471779204298999479342958497487209247988154793216593727, 15734183656725745741135984803766291184120632406832637647938899928312762, 286550208737233486116478025632251833227662101787300585902063635366581894, 281814417100953975795011842232302388002455864226143164455513113621211507, 370775677101028179286905957401681051998928721445591279595215105440152394, 64559355750101003180650397626723323991854018127666677814514505829195149, 189373219098283923021585735997907620901914372305306933603462788507707945, 388616680173584895271540599545381263331632116640228388169458779050097699, 366285624186395146486735179407376712721098720548678367647377106363356633, 305010019031941915901023093790377511775674353181001787635441453079941926, 110596801443976436786585607743465035815461100917760453629345801686993198, 143971179569677178087185498510699019787761794414606430068916111150621985, 116977644304848721322631213005564618827207787492309250647240290414191759, 227767622716804157310284978966932907243772614304268980682556530842838536, 190266471114421738643487079757851423187771991705619329353308306311127258, 311458774282618262339000104852991167120566133241906246684718982763287733, 358314168050418555695607930145262424020754758617129097728149277986292282, 306622501185687231981462390491862493680872983366761465595521714507814234, 254930939542330783325142673304178120223960633545081080090507197661953985, 140834199943723311401232844253659178078781391662243495324672239680470679, 370981957788285969770312097302132153479992497547654346392313788383686656, 333467518618951478547861772618451230631607811823788129640531870492505579, 379181442663158142947479758970170710354174844487686654408399482384658105, 111585751273257783943861786641403657200084600863425067964112446055315974, 193843435906040918556904264107614292290417957660076579841292002253053743, 254952586600041125373490420335113130145289539906524196503815941096579379, 193530760772408018891941151367675430149587620484072978148427090677262685, 229261669631365973138734516753198554328667193769680278673986285188910829, 97812327630455604307843165559320698590107903482677939575955521339315621, 357200390466559191273903159358900410307669165799103247452752234124693972, 24615116480222462063176438753361493379183090870839931917857180634265251, 259306778306698034292359730761748365039031352805374062483527486267593972]
rainy = [92092485218380943640023193093615144385422033951263248417181962038508468, 346868224748706666642590587755117743934480025471593254319831845590451375, 184041716495940644882570448904202340794960842676520584625014663567395016, 128210407773159863463384352628285801211316281332945643017954459505916381, 276440714876454343202402436235754217425224748360668936227770707744223201, 46742754656475445178124867828318904062603274749196800461466191384799865, 297237012091797585473599755241722732402397816244143211451980708605245826, 103356730924466367296157235015235933356098362192528957016250955079324589, 98553515669662831147102187905549929725276259835594038828030121582120948, 70077577232278642287345683610642060618544821464751494748965574615421076, 206053282471067873720401677968780036849407413487033112399866219255089343, 369051772769890407484839529103448174630556856778680544096679440764753754, 101729513291479581708431363532056786118454353032779724896244806645704682, 246928851760576855349393995874837161667936363887224391716931102758540746, 355105343808356210180255846895198509191188372726584025668305318206320640, 391474080964604260809592212901904495660590099453039568493728061085472565, 166883798217418001166080154500104511435120343801678635042640183026683648, 114986825817645424153578541862593877446103379339398839622781604495634301, 313898450233503473038923142184579046114763414230958624689904306494141311, 49851916234183134049455724987228367703451209187048840689479028757376764, 350657366869102467080774889343033001193386434762028024685169331895581560, 176600090139167809305521771772185123100654649045250349677946946951592209, 134961482611400038290675520394772676664134755933189680644011207265145616, 91548903116606300518423477324087231714849900317987027814782952128670781, 295813404281684498140542767349456666170772006649772367906055419271951578, 392000654706225058228956364182829981767784808989237212726381397951652158, 389301123645383006298476020926193084699303998418633718750968483722716538, 150656940443663931901135887863069499934580822955622720661693687005202741, 327607636451786352495813431414397274070970116256653804173451935486949969, 31591792929904071334126072575670018926425821813488685092878989495749423, 302333075850564428685114199289726843497009396952060456828025663188409239, 378762161242250559082456382658487065021642335955305507841243871242794388, 105360971636615070542192977571189235189555087175368703926144838202098857, 96181854111278201724919001990041737324357885588492720170594043567645464, 292461638166117239271793788367552943700909179761988761296257548044200473, 28456468735854743364923797760483647090595338236275838203804263038620838, 100438296178112102770078351794970223434645292939567304243283321132348491, 124325595323800594303707033722941270941747361650867952911326743070594812, 374210296402651611760480689894060522093001880826193800989558043856953229, 260318893544156059134407887073910666332700787892601556260670753735631913, 301950060564042732605311148202433937391027219140885720166911275676902746, 63760532645441403333960568867130359060658134287149502763143358824330988, 199260540902620404282686794997812143433148603521677978214161013549957259, 239399097279476314770231453402312989853083194451461563795800545897994425, 331943649938133874626257791392823467113850374660166462021262037306341662, 12055792671530047427602602581200478191871169767066646410210353965349651, 32196905235900376835785649536622441889646701445611412508184183893487011, 207229742275417208088444623716990790181519113467063334073477315676813331, 30323092871749293779948984690056859247461288051367174913157409274409660, 19370348394118154551026691175593774896432360026921320326400868005763902, 373946183341914651965152984847717123052624080579158538587269610620733228, 204664575285269484256850892450251236775321947262522659664457565652856385, 1944326631556390931674218347778322602478228000952942692366119753408724, 14054408638756108195321586583963623018520093126773729513931992535494114, 93424939211794695597082820826535832961499604973141834724470934659672774, 109612906853666091455947759973309304983638273091252278774118433374495446, 130722675165229473476664821574345634004242371995884177901432413387182734, 313065507674833374273301844038802992751939280544335080369424856199824304, 220364799852533339850572994040838655206626427065210714999658660789547763, 231425083879560457037166063959764436548819304713888415647570874316173649, 16056902182529758389536323330486069412267164315953026624701994066157986, 175988160339821294311766411721438481506474854888313653578006536025388011, 40362951896486734088787175044327612226847687047584820167103720641157522, 229185284371779023535845572373315136283203646468124417717706073391612143, 344895646200500564344452835584261155577227948264993424840833649854254678, 128602348653413807988970835977272786232300672118668258360707047425853149, 339934171044935780550273607189588195025969715041799832630153956196281410, 97261568652714852298345649461846960059338595800127897866471048773728673, 30652980987119668831252041209328327295414719863079325431603407195817991, 296423362010662464508970454408494898791195755292479247644708958755165755, 320651848782432295147423907933783751444395236797982556265651264066813819, 117553803552081806377469095398429782335167277947063090248579468663658142, 78211513058481541461648021344725802031837351765349294168663736049335777, 346979667557433633848536772287707179964572898718936873765841486093140835, 278475395545943385946445389161644940338455804650163056270042157879689422, 19308160619446987264929050266195671824951240608355091554496840894633201, 16414266182978620502082278604944468042276811113021776480799536259161492, 223602807908371638518021606218816827439790379771024341399721969027018595, 173607211880691577473785315118992109403959910406187641195589586143154954, 244821737347696877002569153034538767586381489976077416613959450442524203, 91766020310733068757142204302178448520205749438460327646506082023162024, 36607305585043017136651092895933626181212512755382351664557076177804569, 369136250176901920230115703346434900736500997538398134836629250212428946, 199566744802959251707585768771708811212057563095239020828017346441123397, 207823439546181395740484512350564919863709373331975233846318494505389493, 78922143329582041223471177287083188329972410330407763250331267327735677, 157177336863778554540359438929770454150910176074872748783129916874678582, 19746723433836422317499881052234661401705370534074839030824927507870241, 224576022227404978226408920913786488049143701687921981037410859299849374, 377882931885498288587741012166322175940221607576850041121349202109028576, 287163444235188997858848630743618221412912509399062362044883810436290108, 205703705803440480759823707361909852599220681171987131351442236177194854, 3580472318752115518573093257193778838580270539948889511296624136915544, 378361666898794967493057584396634448529269189363813075695556917803529141, 109260222209163417605058115381298093297947667892390795247247910948781726, 199798503543413511839130100394576307253729263624614334201160241414593714]
ticket = 'c05e2af4281425e439cf9660'
sticker = '8b48e151dd1e3d819b055469767fcd59'
parcel = '9bfda6243d6af72a0ad9bd18eb581ab758d4f2d6c8304c55c8ec58cf1161d524c1db144c23ca54b162'
